
% %(0.36,0.46)
 %find(x>0.4) 
 Interference_036 = [18,27,56,65,74,83,92,101,117,128,137,146,164,189,216,234,243,261,279,288,306,315,324,333];
% 
% find(X>mean(X)) = [18,27,56,65,74,83,92,101,117,128,137,146,164,189,216,234,243,261,279,288,306,315,324,333];
% find(Y>mean(Y)) = [18,27,56,65,74,83,92,101,117,128,137,146,164,189,216,234,243,261,279,288,306,315,324,333];
% find(Z>mean(Z)) = [18,27,56,65,74,83,92,101,117,128,137,146,164,189,216,234,243,261,263,279,288,306,315,324,333];
% 
% %(0.26,0.37)
% find(x>0.3) 

 Interference_026 = [16,32,39,46,62,78,85,94,101,108,124,147,163,170,195,202,209,216,225,241,248,264,271,287,294,310,317,333];
% 
% find(X>mean(X)) = [16,32,39,46,62,78,85,94,101,108,124,147,163,170,195,202,209,216,225,241,248,264,271,287,294,310,317,333];
% find(Y>mean(Y)) = [16,32,39,46,62,78,85,94,101,108,124,147,163,170,186,195,202,209,216,225,241,248,264,271,287,294,310,317,333];
% find(Z>mean(Z)) = [10,16,32,39,46,62,78,85,94,101,108,110,124,147,163,170,171,186,195,202,209,212,216,225,230,241,248,264,271,287,294,302,310,317,333];
% 
% 
% %(0.4,0.2)
% find(x>0.45) 

 Interference_040 = [33,42,51,62,73,93,104,115,124,135,168,177,199,208,219,239,250,272,281,292,312,323];
% 
% find(X>mean(X)) = [33,42,51,62,73,93,104,115,124,135,168,177,199,208,219,239,250,272,281,292,312,323];
% find(Y>mean(Y)) = [33,42,51,62,73,93,104,115,124,135,146,168,177,199,208,219,239,250,272,281,292,312,323];
% find(Z>mean(Z)) = [11,12,19,33,42,51,62,64,65,73,84,93,101,104,115,124,132,134,135,146,168,169,177,183,199,205,208,219,232,239,250,272,281,292,312,316,323,327];

%%
X_036=[6400,6400,6400,6400,6400,6400,6400,6400,6400,6400,6400,6400,6400,6400,6400,6400,6400,34048,6400,6400,6400,6400,6400,6400,6400,6400,65024,6400,6400,6400,6400,6400,6400,6400,6400,6400,6400,6400,6400,6400,6400,6400,6400,6400,6400,6400,6400,6400,6400,6400,6400,6400,6400,6400,6400,52736,6400,6400,6656,6400,6400,6400,6400,6400,37376,6400,6400,6400,6400,6400,6400,6400,6400,35584,6400,6400,6400,6400,6400,6400,6400,6400,34048,6400,6400,6400,6400,6400,6400,6400,6400,50176,6400,6400,6400,6400,6400,6400,6400,6400,11520,6400,6400,6400,6400,6400,6400,6400,6400,6400,6400,6400,6144,6400,6400,6400,15616,6400,6400,6400,6400,6400,6400,6400,6400,6400,6400,58880,6400,6400,6656,6656,6400,6400,6400,6400,61184,6400,6400,6400,6400,6400,6400,6400,6400,62464,6400,6400,6400,6400,6400,6400,6400,6400,6400,6400,6400,6400,6400,6400,6656,6400,6400,40704,6400,6400,6400,6400,6400,6656,6400,6400,6400,6400,6400,6400,6400,6400,6400,6400,6400,6400,6400,6400,6400,6400,6400,6400,39936,6400,6400,6400,6400,6400,6400,6400,6400,6400,6400,6400,6400,6400,6400,6400,6400,6400,6400,6400,6400,6400,6400,6400,6400,6400,6400,64256,6400,6400,6400,6400,6400,6400,7168,6400,6400,6400,6400,6400,6400,6400,6400,6400,6656,53248,6400,6400,6400,6400,6400,6400,6400,6400,55808,6400,6400,6400,6400,6400,6400,6400,6400,6400,6400,6400,6400,6400,6400,6400,6400,6400,27904,6400,6400,6400,6400,6400,6400,6400,6400,6400,6400,6400,6400,6400,6400,6400,6400,6400,32256,6400,6400,6400,6400,6656,6144,6400,6400,36864,6400,6400,6400,6400,6400,6400,6400,6400,6400,6400,6400,6400,6400,6400,6400,6400,6400,56832,6400,6400,6400,6400,6400,6400,6400,6400,53760,6400,6400,6656,6400,6400,6400,6400,6400,44544,6400,6400,6400,6400,6400,6400,6400,6400,64512];
X_026=[5120,5120,5120,5120,5120,5120,5120,5120,5120,5120,5120,5120,5120,5120,5120,25856,5120,5120,5120,5120,5120,5120,5120,5120,5120,5120,5120,5120,5120,5120,5120,34048,5120,5120,5120,5120,5120,5120,63232,5120,5120,5120,5120,5120,5120,26880,5120,4864,5120,5120,5120,5120,5120,5120,4864,5120,5120,5120,5120,5120,5120,46080,5120,5120,5120,5120,5120,5120,5120,5120,5120,5120,5120,5120,5120,5120,5120,54528,5120,5120,5120,5120,5120,5120,18688,5120,5120,5120,5120,5120,5120,5120,5120,20736,5120,5120,5120,5120,5120,5120,60416,5120,5120,5120,5120,5120,5120,35584,5120,5120,5120,5120,5120,5120,5120,5120,5120,5120,5120,5120,5120,5120,5120,20992,5120,5120,5120,5120,5120,5120,5120,5120,5120,5120,5120,5120,5120,5120,5120,7680,5120,5120,5120,5120,5120,5120,22272,5120,5120,5120,4864,5120,5120,5120,5120,5120,5120,5120,5120,5120,5120,5120,59648,5120,5120,5120,5120,5120,5120,35840,5120,5120,4864,5120,5120,5120,5120,5120,5120,5120,5120,5120,5120,5120,5120,257,5120,5120,5120,5120,5120,5120,5120,5120,33536,5120,5120,5120,5120,5120,5120,60928,5120,5120,5120,5120,5120,5120,23040,5120,5120,5120,5120,5120,5120,50944,5120,5120,5120,5120,5120,5120,5120,5120,12032,5120,5120,5120,5120,5120,5120,5120,5120,5120,5120,5120,5120,5120,5120,5120,23040,5120,5120,5120,4864,5120,5120,60416,5120,5120,5120,5120,5120,5120,7168,5120,5120,5120,5120,5120,5120,5120,5120,60160,5120,5120,5120,5120,5120,5120,23296,5120,5120,5120,5120,5120,5120,5120,5120,5120,5120,5120,5120,5120,5120,5120,33536,5120,5120,5120,5120,5120,5120,35328,5120,5120,5120,5120,5120,5120,5120,5120,5120,5120,5120,5120,5120,5120,5120,64000,5120,5120,5120,5120,5120,5120,40448,5120,5120,5120,5120,5120,5120,5120,5120,5120,5120,5120,5120,5120,5120,5120,53504];
X_040=[6912,7168,6912,7168,7168,6912,7168,6912,6912,7168,7168,7168,7168,7168,7168,7168,7168,6912,7168,7168,7168,7168,7168,6912,7168,7168,6912,7168,6912,7168,6912,6912,65024,7168,6912,6912,6912,7168,6912,6912,7168,61952,6912,7168,6912,6912,6912,7168,7168,7168,12032,6912,6912,7168,6912,7168,6912,7168,6912,6912,7168,27136,7168,7168,7168,7168,7168,7168,7168,6912,7168,7168,62464,7168,6912,7168,7168,6912,7168,7168,7168,7168,6912,7168,6912,7168,7168,7168,7424,6912,7168,6912,19200,7168,7168,6912,6912,7168,7168,6912,6912,7168,7168,44544,6912,7168,6912,7168,6912,7168,6912,6912,7168,6912,48384,6912,7168,6912,6912,7168,7168,7168,7168,24832,7168,7168,7168,6912,6912,6912,7168,7168,6912,6912,25600,7168,7168,7168,7168,6912,7168,7168,7168,6912,6912,1793,7168,7168,7168,7168,6912,6912,6912,7168,7168,6912,7168,6912,6912,7168,6912,7168,7168,6912,7168,7168,6912,21504,7168,6912,7168,6912,6912,7168,7168,7168,52736,6912,7168,7168,7168,6912,7168,7168,6912,6912,6912,7168,6912,6912,6912,7168,7168,7168,7168,7168,6912,7168,39936,7168,7168,7168,7168,7168,7168,6912,7168,32768,6912,7168,6912,7168,7168,6912,6912,6912,6912,7168,60672,6912,6912,6912,6912,7168,7168,7168,7168,7168,7168,6912,6912,7168,7168,7168,6912,6912,6912,6912,15104,7168,6912,7168,6912,6912,6912,6912,6912,6912,7168,57088,6912,6912,7168,6912,7168,6912,7168,6912,7168,6912,7168,7168,6912,6912,6912,7168,6912,7168,6912,7168,6912,35072,6912,6912,6912,7168,7168,6912,6912,7168,36608,7168,7168,7168,6912,7168,6912,7168,6912,7168,7168,59904,7168,7168,6912,7168,7168,7168,6912,6912,7168,6912,6912,6912,7168,6912,7168,6912,7168,6912,7168,10752,7168,7168,7168,7168,7168,7168,6912,6912,7168,6912,53248,7168,7168,7168,7168,7168,7168,7168,7168,7168,6912];


